0 0.244427 0.442943 0.135350 0.105105
0 0.214968 0.551051 0.136943 0.099099
0 0.242834 0.723724 0.148089 0.108108
0 0.235669 0.827327 0.149682 0.111111
0 0.508758 0.444444 0.125796 0.096096
0 0.486465 0.555556 0.138535 0.108108
0 0.524682 0.720721 0.141720 0.096096
0 0.527866 0.825826 0.151274 0.114114
0 0.819268 0.716216 0.144904 0.105105
0 0.834395 0.821321 0.146497 0.111111
0 0.775478 0.444444 0.133758 0.096096
0 0.756369 0.557057 0.136943 0.099099
0 0.261943 0.175676 0.074841 0.249249
0 0.358280 0.178679 0.070064 0.249249
0 0.445064 0.181682 0.071656 0.255255
0 0.696656 0.177177 0.055732 0.174174
