0 0.139918 0.451087 0.053498 0.213768
0 0.192387 0.449275 0.047325 0.210145
0 0.293210 0.443841 0.051440 0.213768
0 0.348765 0.447464 0.051440 0.221014
0 0.402263 0.440217 0.047325 0.206522
0 0.454733 0.440217 0.053498 0.213768
0 0.508230 0.442029 0.053498 0.210145
0 0.559671 0.438406 0.049383 0.210145
0 0.611111 0.436594 0.049383 0.213768
0 0.661523 0.436594 0.051440 0.221014
0 0.715021 0.432971 0.055556 0.221014
0 0.769547 0.431159 0.057613 0.217391
0 0.820988 0.427536 0.053498 0.217391
0 0.875514 0.423913 0.055556 0.210145
0 0.925926 0.422101 0.065844 0.213768
