0 0.163814 0.715415 0.073350 0.047431
0 0.156479 0.764822 0.068460 0.043478
0 0.156479 0.826087 0.058680 0.047431
0 0.799511 0.705534 0.063570 0.051383
0 0.781174 0.758893 0.066015 0.047431
0 0.776284 0.820158 0.070905 0.051383
0 0.624694 0.715415 0.066015 0.047431
0 0.614914 0.762846 0.066015 0.047431
0 0.616137 0.826087 0.068460 0.055336
0 0.465770 0.715415 0.070905 0.055336
0 0.460880 0.766798 0.066015 0.047431
0 0.463325 0.820158 0.070905 0.051383
0 0.311736 0.713439 0.070905 0.051383
0 0.308068 0.762846 0.073350 0.047431
0 0.305623 0.820158 0.068460 0.051383
