0 0.388750 0.090000 0.117500 0.053333
0 0.365000 0.138333 0.115000 0.050000
0 0.356250 0.190000 0.122500 0.053333
0 0.355000 0.246667 0.125000 0.053333
0 0.358750 0.306667 0.132500 0.053333
0 0.347500 0.378333 0.140000 0.056667
0 0.320000 0.445000 0.140000 0.063333
0 0.310000 0.511667 0.145000 0.063333
0 0.640000 0.091667 0.115000 0.056667
0 0.631250 0.141667 0.117500 0.050000
0 0.637500 0.193333 0.120000 0.053333
0 0.647500 0.246667 0.125000 0.053333
0 0.636250 0.315000 0.132500 0.056667
0 0.646250 0.455000 0.147500 0.070000
0 0.647500 0.526667 0.155000 0.073333
