0 0.118375 0.268617 0.042403 0.143617
0 0.288869 0.122340 0.040636 0.143617
0 0.439929 0.101064 0.042403 0.143617
0 0.642226 0.102394 0.040636 0.140957
0 0.682862 0.106383 0.040636 0.148936
0 0.758834 0.159574 0.033569 0.138298
0 0.442580 0.340426 0.040636 0.154255
0 0.174912 0.674202 0.042403 0.146277
0 0.077739 0.751330 0.095406 0.061170
0 0.047703 0.828457 0.091873 0.066489
0 0.105124 0.890957 0.100707 0.069149
0 0.273852 0.860372 0.045936 0.146277
0 0.399293 0.694149 0.098940 0.058511
0 0.450530 0.785904 0.098940 0.066489
0 0.651943 0.789894 0.045936 0.143617
0 0.654594 0.454787 0.047703 0.143617
0 0.803887 0.339096 0.102473 0.066489
0 0.805654 0.409574 0.095406 0.058511
0 0.807420 0.480053 0.098940 0.066489
0 0.869258 0.551862 0.106007 0.066489
0 0.871908 0.630319 0.097173 0.069149
0 0.951413 0.777926 0.044170 0.151596
0 0.819788 0.973404 0.102473 0.053191
