0 0.025894 0.422091 0.041924 0.118343
0 0.089396 0.416174 0.038224 0.114398
0 0.150432 0.411243 0.029593 0.116371
0 0.205302 0.413215 0.030826 0.116371
0 0.263872 0.422091 0.041924 0.165680
0 0.321208 0.424063 0.045623 0.169625
0 0.378545 0.427022 0.039457 0.163708
0 0.435882 0.425049 0.043157 0.167653
0 0.490136 0.429980 0.043157 0.169625
0 0.553021 0.429980 0.040691 0.169625
0 0.609741 0.434911 0.043157 0.171598
0 0.662145 0.430966 0.044390 0.167653
0 0.721332 0.437870 0.044390 0.181460
0 0.776819 0.427022 0.059186 0.226824
0 0.838471 0.433925 0.056720 0.220907
0 0.892725 0.422091 0.056720 0.220907
0 0.947596 0.409270 0.055487 0.226824
