0 0.345133 0.166667 0.044248 0.126844
0 0.389381 0.168142 0.044248 0.129794
0 0.439159 0.182891 0.046460 0.123894
0 0.498894 0.181416 0.037611 0.126844
0 0.554204 0.175516 0.046460 0.138643
0 0.609513 0.174041 0.046460 0.135693
0 0.660398 0.172566 0.050885 0.138643
0 0.720133 0.188791 0.055310 0.141593
0 0.306416 0.473451 0.055310 0.179941
0 0.360619 0.476401 0.057522 0.179941
0 0.426991 0.479351 0.044248 0.168142
0 0.495575 0.479351 0.053097 0.174041
0 0.565265 0.495575 0.050885 0.176991
0 0.625000 0.489676 0.050885 0.176991
0 0.692478 0.486726 0.057522 0.182891
0 0.764381 0.504425 0.064159 0.188791
