0 0.479972 0.159524 0.067680 0.100000
0 0.455110 0.247619 0.067680 0.095238
0 0.428867 0.323810 0.064917 0.095238
0 0.319061 0.073810 0.066298 0.090476
0 0.301796 0.169048 0.062155 0.080952
0 0.294199 0.257143 0.060773 0.076190
0 0.279696 0.338095 0.064917 0.085714
0 0.158840 0.550000 0.027624 0.233333
0 0.608425 0.152381 0.070442 0.095238
0 0.633287 0.247619 0.064917 0.095238
0 0.658840 0.333333 0.063536 0.095238
0 0.323204 0.766667 0.066298 0.085714
0 0.354972 0.866667 0.069061 0.095238
0 0.433702 0.947619 0.066298 0.085714
0 0.636740 0.776190 0.069061 0.095238
0 0.634669 0.847619 0.067680 0.085714
0 0.729282 0.673810 0.066298 0.100000
0 0.859807 0.550000 0.026243 0.223810
