0 0.481250 0.354583 0.026250 0.065833
0 0.248125 0.717917 0.025000 0.069167
0 0.286875 0.709583 0.025000 0.067500
0 0.341562 0.737500 0.026875 0.065000
0 0.412813 0.685417 0.025625 0.064167
0 0.561250 0.545833 0.021250 0.061667
0 0.580313 0.549583 0.023125 0.062500
0 0.692500 0.472083 0.026250 0.064167
0 0.662813 0.402500 0.026875 0.061667
0 0.419063 0.423333 0.021875 0.060000
0 0.444063 0.490417 0.024375 0.065833
0 0.478438 0.481667 0.025625 0.061667
0 0.302812 0.547083 0.020625 0.064167
0 0.317812 0.515833 0.021875 0.055000
0 0.541562 0.390833 0.026875 0.061667
